0 216 215
131 159 167
104 135 150
177 206 220
162 197 214
150 177 188
56 94 142
55 90 253
189 218 233
57 78 253
206 178 145
184 105 5
164 174 230
228 236 244
201 209 221
67 88 253
223 218 212
178 100 7
23 19 165
62 78 242
122 137 239
161 172 190
174 185 199
189 198 212
162 173 192
167 177 195
197 206 221
25 1 190
210 126 0
232 230 228
240 242 241
198 119 2
26 6 179
193 112 1
30 195 0
198 204 200
2 182 0
120 213 137
145 173 194
89 122 145
0 240 241
0 243 243
200 215 231
205 222 238
72 99 182
188 205 218
193 210 226
99 122 137
108 120 126
1 224 226
0 229 230
10 10 11
83 101 163
170 186 200
