160 169 184
174 180 199
185 191 209
163 170 173
222 225 228
146 153 156
155 160 164
159 166 169
215 218 222
106 110 109
106 112 111
170 182 192
170 179 189
158 169 179
192 201 211
189 198 208
170 181 193
143 150 158
173 180 183
137 144 147
139 146 148
189 197 193
211 216 215
211 216 215
252 252 252
222 227 226
191 196 195
182 189 187
168 173 170
151 154 149
150 154 149
150 154 149
149 151 146
145 147 142
144 146 142
170 175 170
159 161 155
160 161 156
158 160 154
155 157 150
145 147 140
143 145 136
143 142 134
139 140 131
131 129 121
130 129 120
132 129 121
131 129 121
131 130 120
131 130 121
133 132 122
132 131 122
132 131 121
131 130 121
131 130 120
131 130 121
131 130 121
131 130 122
131 131 120
132 131 121
132 130 121
131 131 120
132 130 121
131 130 121
132 130 121
131 131 121
132 131 120
133 132 122
134 132 122
132 132 121
132 131 121
132 131 120
131 129 120
152 154 143
150 153 143
150 153 143
150 150 142
147 150 141
145 149 139
146 148 139
129 127 122
125 123 116
115 113 107
124 124 119
134 132 125
141 139 131
145 147 138
147 149 142
111 117 116
123 134 132
113 120 119
158 159 154
139 147 145
123 134 132
111 117 116
155 159 156
113 119 119
159 168 167
145 160 158
145 161 159
178 184 182
172 180 179
119 139 132
166 173 167
127 144 140
120 139 133
235 247 250
246 250 251
95 123 112
94 116 104
103 127 115
91 118 104
99 128 115
91 118 104
100 123 111
96 124 111
100 129 117
94 124 111
92 116 106
100 125 114
102 123 111
96 117 110
100 125 113
96 124 111
92 115 106
88 114 103
88 113 103
91 114 106
99 125 112
96 128 115
100 126 113
99 125 113
102 129 116
97 130 119
99 124 114
93 118 107
100 131 119
97 131 121
95 128 114
94 123 110
96 121 110
96 121 110
96 125 109
96 126 111
96 128 113
99 129 114
101 130 113
101 130 113
99 130 115
99 130 115
106 130 119
106 130 119
109 133 122
107 135 122
106 135 123
94 130 119
89 121 113
91 117 110
91 115 107
91 113 105
94 122 109
93 124 110
103 117 115
109 120 118
109 120 118
109 120 118
105 116 114
100 116 113
98 117 115
93 112 104
93 114 106
96 114 109
93 112 105
94 112 105
95 113 106
90 110 105
90 110 105
93 113 108
94 114 108
92 113 105
92 113 105
111 121 119
111 118 117
