78 123 248
81 120 255
81 122 253
81 119 253
80 119 251
74 118 252
79 119 251
78 120 255
108 149 255
103 150 255
107 148 255
105 147 255
107 146 255
102 145 255
35 48 171
30 46 170
40 48 170
33 48 171
35 45 169
33 45 164
49 77 196
51 67 188
50 83 199
50 65 188
66 90 200
63 89 197
66 92 201
49 76 197
57 71 187
50 79 200
64 91 194
90 119 246
92 121 250
90 118 250
91 120 248
96 120 250
96 123 243
99 118 247
100 122 247
101 148 255
80 120 250
101 148 255
102 150 255
103 149 255
106 148 255
96 148 255
101 149 255
101 144 255
100 143 255
107 132 255
109 133 255
95 126 255
96 125 255
86 118 247
85 120 244
51 76 197
49 76 197
102 148 255
54 74 171
57 75 169
55 75 172
58 73 167
63 76 165
53 74 166
54 74 165
67 97 202
84 113 224
58 75 162
58 75 162
