36 210 148
33 127 223
33 141 217
32 112 228
33 137 217
33 168 191
34 186 171
33 179 182
33 184 172
33 168 191
32 109 231
33 127 223
34 187 166
33 158 202
34 199 158
33 122 224
34 183 174
37 164 173
34 143 211
33 104 231
40 133 146
37 125 206
38 113 214
37 102 222
37 101 223
37 104 221
38 111 216
38 104 220
38 109 219
37 110 217
38 113 214
37 121 209
37 117 209
37 126 207
39 137 136
38 134 135
40 140 135
38 136 180
38 135 177
39 137 169
39 137 167
39 142 160
39 144 158
39 143 161
39 140 171
38 137 173
39 144 168
37 133 194
37 105 214
37 89 235
37 82 239
36 21 252
40 114 206
39 98 227
43 152 129
36 16 252
35 30 252
41 123 166
42 135 147
42 132 149
42 132 149
40 129 166
38 122 205
39 123 184
39 126 182
38 84 231
38 76 239
38 122 192
37 121 187
38 123 180
43 135 132
43 129 132
43 129 132
42 133 132
42 133 132
39 105 218
39 108 215
39 104 213
39 103 215
38 104 211
38 103 211
39 115 204
38 115 206
38 116 197
38 118 190
38 123 185
38 116 192
38 103 213
39 90 221
38 87 226
38 90 225
38 94 224
39 111 216
42 133 132
38 94 225
38 99 222
38 94 225
39 105 221
38 102 223
37 56 253
38 59 253
38 105 221
38 115 213
38 125 204
38 128 204
38 122 209
39 106 221
39 112 218
38 96 224
38 94 225
38 86 234
38 92 230
39 91 233
39 88 232
39 110 217
38 125 208
38 126 199
39 123 203
39 121 206
38 124 205
38 122 207
38 126 205
38 125 196
38 118 210
39 111 219
38 115 215
38 117 212
38 126 206
38 126 203
38 126 203
38 126 202
39 125 206
38 119 210
38 118 212
39 126 194
43 139 128
36 205 118
38 190 130
36 205 118
37 188 125
37 184 126
40 115 179
39 116 178
36 215 114
36 204 110
37 177 125
37 174 120
36 187 123
35 190 137
35 186 137
36 174 145
35 193 132
35 152 191
36 154 189
35 132 201
35 155 188
36 119 205
35 170 159
35 164 163
