56 50 159
59 49 183
56 50 182
57 47 181
53 44 181
59 48 182
55 50 181
61 52 186
60 46 181
55 45 181
56 46 185
61 47 183
45 37 110
46 40 109
40 34 105
30 18 108
31 15 109
31 15 110
33 16 111
33 20 130
34 21 131
27 17 106
27 12 102
28 19 93
28 15 101
29 16 103
25 12 103
70 53 151
74 55 152
71 55 150
68 49 152
74 55 151
61 40 139
70 49 144
60 42 133
66 48 138
63 43 147
55 37 138
48 34 128
47 34 119
45 31 117
44 33 120
44 44 188
41 47 188
42 47 186
47 50 183
42 44 188
43 41 190
32 32 156
38 33 156
39 34 157
36 34 155
34 37 156
40 36 160
40 41 186
40 42 186
46 39 190
41 42 188
35 35 156
36 35 158
42 34 157
34 34 159
38 36 154
37 36 156
68 62 179
73 67 180
75 68 180
56 55 178
63 59 179
70 64 179
78 68 180
75 68 173
74 68 177
70 61 175
67 58 175
64 59 171
74 68 170
49 34 150
50 41 158
46 37 160
33 16 123
36 16 108
32 17 101
30 13 104
