109 239 128
108 239 131
103 219 178
101 233 193
102 247 167
101 224 207
101 226 203
101 236 189
101 235 189
103 249 158
103 241 164
102 243 172
104 245 154
109 228 123
102 237 182
101 232 192
102 243 177
105 248 149
103 244 163
100 233 195
101 242 180
102 245 176
101 208 195
101 209 193
101 209 192
101 211 191
101 213 189
102 214 185
102 218 180
102 220 176
102 219 170
103 222 161
103 224 157
104 222 156
104 225 155
104 225 151
104 224 156
108 222 130
106 225 138
105 222 140
105 224 142
106 223 143
106 224 140
106 225 138
107 224 138
107 225 138
107 225 136
107 221 137
107 221 136
107 223 135
107 225 135
107 223 134
108 225 134
108 224 133
108 222 133
108 223 128
109 222 124
108 223 129
109 222 125
109 220 124
108 224 122
109 222 123
106 224 139
104 212 149
105 220 145
105 219 142
106 224 139
107 223 137
107 224 138
107 224 139
107 224 139
107 224 139
107 226 140
107 224 138
105 215 146
106 204 155
105 206 156
105 206 155
106 206 155
105 205 154
106 204 154
106 205 154
106 207 153
112 214 99
110 219 119
111 216 112
112 211 99
112 212 101
111 214 111
110 214 123
110 216 130
110 216 118
110 218 130
108 219 136
109 218 136
108 218 137
108 217 135
108 219 136
108 223 135
108 223 137
108 221 136
103 153 152
103 153 152
103 154 149
102 153 145
103 153 140
102 157 145
103 156 157
103 146 180
103 144 186
103 143 196
104 137 203
104 136 207
104 136 207
104 135 218
104 125 224
104 116 228
104 110 230
104 112 229
104 120 228
104 128 224
104 131 218
104 135 209
103 138 204
103 140 197
104 142 188
103 147 181
104 149 175
103 151 167
103 150 162
103 149 164
103 144 173
103 148 164
102 208 184
102 207 184
103 204 186
102 204 186
102 204 185
102 203 182
103 203 185
103 202 187
103 194 188
103 193 186
103 196 185
103 201 184
103 203 183
102 209 181
102 210 180
102 210 181
103 210 183
102 212 183
102 212 183
103 209 182
102 206 183
103 202 184
103 198 183
103 196 185
103 194 185
103 192 185
103 191 184
103 195 186
102 201 183
103 203 183
102 207 181
102 207 181
102 209 181
103 207 182
102 206 181
103 201 184
103 200 184
103 201 183
103 202 186
103 197 188
103 193 189
103 190 189
103 190 191
103 191 190
103 190 191
103 191 190
103 192 190
103 199 186
103 199 183
103 201 181
102 204 180
102 207 179
102 208 179
102 207 181
103 208 179
102 211 178
102 213 177
102 213 178
102 212 183
102 210 183
