56 50 159
59 49 183
56 50 182
57 47 181
53 44 181
59 48 182
55 50 181
61 52 186
60 46 181
55 45 181
56 46 185
61 47 183
45 37 110
46 40 109
40 34 105
30 18 108
31 15 109
31 15 110
33 16 111
33 20 130
34 21 131
27 17 106
27 12 102
28 19 93
28 15 101
29 16 103
25 12 103
70 53 151
74 55 152
71 55 150
68 49 152
74 55 151
61 40 139
70 49 144
60 42 133
66 48 138
63 43 147
55 37 138
48 34 128
47 34 119
45 31 117
44 33 120
44 44 188
41 47 188
42 47 186
47 50 183
42 44 188
43 41 190
32 32 156
38 33 156
39 34 157
36 34 155
34 37 156
40 36 160
40 41 186
40 42 186
46 39 190
41 42 188
35 35 156
36 35 158
42 34 157
34 34 159
38 36 154
37 36 156
68 62 179
73 67 180
75 68 180
56 55 178
63 59 179
70 64 179
78 68 180
75 68 173
74 68 177
70 61 175
67 58 175
64 59 171
74 68 170
49 34 150
50 41 158
46 37 160
33 16 123
36 16 108
32 17 101
30 13 104
35 34 166
39 37 166
43 40 169
36 37 152
45 40 173
40 38 167
40 47 155
48 47 168
40 35 168
43 39 168
47 50 168
37 36 166
43 43 168
49 48 168
37 36 166
37 33 165
39 36 166
43 42 165
40 36 170
33 31 157
34 27 155
37 30 166
37 26 157
37 31 156
37 44 155
36 33 146
44 41 130
39 39 167
38 39 166
40 38 167
39 35 166
37 35 165
41 42 167
39 39 166
42 40 163
43 41 167
40 32 165
34 26 153
25 37 175
28 38 179
25 38 176
27 40 177
24 39 176
22 39 177
23 40 177
27 41 177
23 39 179
26 39 178
27 28 173
23 26 178
23 25 176
25 23 169
25 39 177
22 33 175
25 37 173
26 39 175
42 60 185
48 63 187
48 63 187
45 67 186
50 66 153
47 71 153
48 67 155
44 53 178
45 49 185
44 64 177
40 39 169
38 40 168
56 41 128
40 26 135
47 29 129
32 20 119
29 43 193
28 39 193
