 8 175 248
 7 174 255
 7 173 253
 7 173 253
 7 174 251
 7 180 252
 7 175 251
 7 177 255
 8 147 255
 9 152 255
 8 148 255
 8 150 255
 8 148 255
 8 153 255
 3 203 171
 3 210 170
 2 195 170
 3 206 171
 2 202 169
 3 204 164
 6 191 196
 4 186 188
 7 191 199
 3 187 188
 5 171 200
 6 173 197
 6 171 201
 5 192 197
 3 177 187
 6 191 200
 6 171 194
 6 162 246
 6 161 250
 5 163 250
 6 161 248
 5 157 250
 6 154 243
 4 153 247
 4 152 247
 9 154 255
 7 173 250
 9 154 255
 9 153 255
 9 152 255
 8 149 255
10 159 255
 9 154 255
 8 154 255
 8 155 255
 5 148 255
 5 146 255
 6 160 255
 5 159 255
 6 166 247
 7 166 244
 5 189 197
 5 192 197
 9 153 255
 5 174 171
 5 169 169
 5 173 172
 4 166 167
 4 158 165
 6 174 166
 5 172 165
 7 170 202
 6 159 224
 5 164 162
 5 164 162
