56 184 177
57 185 190
58 211 156
58 201 162
58 191 172
58 218 144
58 195 174
57 221 151
57 238 105
58 196 160
57 169 210
58 196 169
57 220 151
57 233 140
58 189 179
58 212 156
58 224 146
57 230 144
63 201 119
63 201 119
63 203 117
63 201 117
63 203 117
63 201 117
64 203 117
64 201 118
64 201 118
64 201 119
63 201 118
63 204 119
64 203 117
63 204 115
63 204 115
63 202 115
62 172 159
60 159 184
60 145 215
59 133 239
59 133 239
59 136 244
59 140 218
59 160 178
61 184 143
62 194 134
61 202 126
61 189 144
62 192 141
62 191 132
62 192 129
63 197 124
62 203 122
62 201 127
61 193 143
62 194 147
62 186 151
62 187 149
61 173 168
62 187 151
61 191 147
62 181 156
61 172 156
60 144 156
62 160 148
62 173 152
62 186 148
62 194 138
62 208 102
62 203 103
62 197 132
63 181 152
62 173 155
62 169 149
62 180 133
62 185 139
63 203 98
63 165 145
62 180 147
62 185 143
61 187 143
62 190 141
63 202 125
63 206 124
62 205 122
62 204 120
63 208 120
62 206 119
62 207 117
62 207 117
62 207 117
62 204 116
62 207 116
62 207 117
62 208 119
62 204 120
62 203 123
63 203 127
62 196 133
62 195 136
63 194 138
63 194 141
62 189 146
62 184 147
62 182 151
63 180 153
62 175 157
62 175 162
61 171 164
61 173 159
63 192 138
63 207 112
61 204 111
62 206 110
62 204 106
62 206 105
63 205 102
62 208 102
62 205 102
62 210 102
62 208 102
62 210 101
63 208 103
63 208 104
62 206 105
63 207 106
63 207 106
62 192 141
61 174 164
59 163 181
60 160 193
60 157 200
60 150 207
60 151 208
59 153 203
60 157 197
60 161 184
60 168 173
61 178 163
62 199 131
63 209 106
62 206 105
63 204 105
62 207 106
62 207 106
63 209 105
62 206 105
63 196 160
62 195 166
61 168 188
61 166 197
61 166 197
61 167 196
61 164 194
61 166 191
61 166 195
61 164 199
61 164 202
61 164 205
61 163 204
61 164 204
60 150 219
60 151 220
61 150 222
61 146 234
60 143 243
60 142 247
60 143 252
60 142 253
60 140 255
60 138 255
60 139 255
60 142 246
60 145 236
61 147 231
60 143 242
60 142 249
60 143 249
60 142 254
60 138 255
60 133 255
59 125 255
59 122 255
59 117 255
59 115 255
59 105 255
59 111 255
59 123 255
59 138 255
60 142 251
60 144 245
60 145 240
60 145 235
61 147 230
61 149 226
61 149 224
60 145 227
