11 33 184
 7 32 199
 8 29 209
21 15 173
15  7 228
21 16 156
17 14 164
21 15 169
13  8 222
38  9 110
35 14 112
16 29 192
14 26 189
16 30 179
14 23 211
14 23 208
14 30 193
14 24 158
21 14 183
21 17 147
23 16 148
45 10 197
36  6 216
36  6 216
 0  0 252
36  6 227
36  7 196
39  9 189
48  7 173
72  8 154
66  8 154
66  8 154
78  8 151
78  9 147
75  7 146
60  7 175
80 10 161
84  8 161
80 10 160
81 11 157
81 12 147
83 16 145
93 16 143
87 16 140
96 19 131
93 20 130
98 21 132
96 19 131
93 21 131
93 19 131
93 21 133
93 19 132
93 21 132
93 19 131
93 21 131
93 19 131
93 19 131
93 18 131
90 21 131
93 21 132
95 21 132
90 21 131
95 21 132
93 19 131
95 21 132
90 19 131
93 23 132
93 21 133
95 23 134
90 21 132
93 21 132
93 23 132
95 21 131
85 18 154
81 17 153
81 17 153
90 14 150
80 15 150
78 17 149
83 16 148
99 14 129
97 18 125
98 18 115
90 10 124
97 17 134
96 18 141
83 16 147
81 12 149
35 13 117
35 21 134
34 15 120
84  8 159
38 14 147
35 21 134
35 13 117
53  6 159
30 13 119
33 14 168
34 24 160
34 25 161
40  8 184
34 11 180
41 37 139
56 10 173
37 30 144
39 35 139
24 15 250
24  5 251
42 58 123
46 48 116
45 48 127
46 58 118
43 58 128
46 58 118
46 48 123
44 58 124
42 57 129
43 62 124
43 53 116
43 51 125
47 44 123
40 46 117
44 51 125
44 58 124
42 51 115
43 58 114
42 56 113
40 51 114
45 53 125
42 64 128
45 53 126
44 53 125
44 53 129
40 65 130
42 51 124
43 54 118
42 60 131
39 66 131
43 66 128
43 60 123
43 53 121
43 53 121
47 59 125
45 61 126
44 64 128
45 59 129
48 57 130
48 57 130
45 61 130
45 61 130
44 47 130
44 47 130
44 46 133
44 53 135
42 55 135
39 71 130
38 67 121
38 57 117
40 53 115
41 50 113
44 59 122
44 64 124
34 31 117
35 23 120
35 23 120
35 23 120
35 24 116
36 35 116
33 41 117
43 43 112
41 47 114
38 40 114
41 43 112
42 41 112
42 41 113
38 46 110
38 46 110
38 45 113
39 45 114
41 47 113
41 47 113
36 21 121
34 15 118
