178 175 159
178 187 183
179 185 182
178 189 181
178 193 181
178 188 182
179 185 181
178 184 186
177 190 181
178 192 181
178 192 185
177 190 183
177 169 110
177 161 109
177 172 105
176 212 108
175 220 109
175 220 110
175 218 111
176 216 130
176 214 131
177 214 106
175 225 102
176 203 93
175 217 101
176 215 103
176 225 103
175 165 151
174 163 152
175 161 150
174 173 152
174 162 151
174 182 139
173 168 144
174 174 133
174 166 138
174 180 147
175 187 138
176 187 128
175 182 119
175 187 117
176 185 120
 0 195 188
 1 199 188
 1 197 186
 1 190 183
 0 198 188
 0 200 190
 0 203 156
179 201 156
179 200 157
 0 199 155
 1 199 156
179 198 160
 0 200 186
 0 200 186
179 203 190
 0 199 188
 0 198 156
 0 199 158
178 200 157
 0 200 159
179 195 154
 0 196 156
178 167 179
178 160 180
178 159 180
 0 176 178
179 171 179
178 164 179
177 159 180
178 155 173
178 157 177
178 166 175
178 170 175
179 167 171
178 153 170
176 197 150
178 189 158
178 196 160
175 222 123
173 217 108
175 212 101
174 223 104
 0 203 166
 0 198 166
179 195 169
 0 195 152
179 196 173
 0 197 167
 2 189 155
 0 184 168
179 202 168
179 196 168
 1 184 168
 0 200 166
 0 190 168
 0 182 168
 0 200 166
179 204 165
179 200 166
 0 190 165
179 201 170
 0 205 157
178 211 155
178 209 166
177 213 157
179 204 156
 2 194 155
179 197 146
179 175 130
 0 195 167
 0 197 166
 0 197 167
179 201 166
 0 201 165
 0 192 167
 0 195 166
 0 192 163
 0 192 167
178 206 165
178 212 153
 2 219 175
 2 215 179
 3 219 176
 3 216 177
 3 220 176
 3 223 177
 3 222 177
 3 216 177
 3 222 179
 3 218 178
 0 215 173
 1 222 178
 0 222 176
 0 220 169
 3 219 177
 2 223 175
 2 218 173
 3 217 175
 4 197 185
 3 190 187
 3 190 187
 5 193 186
 5 172 153
 7 177 153
 5 176 155
 2 192 178
 1 193 185
 5 192 177
 0 196 169
 0 197 168
175 173 128
176 206 135
175 198 129
176 212 119
 3 217 193
 2 218 193
